      0/54     9.77G   0.08194   0.01885   0.02009    0.1209        11       640   0.02126   0.01122  0.001394 0.0001999     0.107    0.0253   0.02138
      1/54     10.6G   0.07242   0.01689   0.01468     0.104        16       640   0.04114   0.03908   0.01656  0.003241   0.09461   0.02679   0.01849
      2/54     10.6G   0.06365   0.01605   0.01184   0.09154        32       640     0.424    0.1757   0.07639   0.01663    0.0873   0.02557   0.01685
      3/54     10.7G   0.05803    0.0144   0.01044   0.08286         8       640    0.4694    0.1978   0.09517   0.02522   0.08499   0.02352   0.01618
      4/54     10.7G   0.05769   0.01342  0.009931   0.08104        45       640    0.6636    0.2121    0.2287   0.08038    0.0777   0.02396   0.01558
      5/54     10.7G   0.05487   0.01251  0.009856   0.07723        10       640    0.5401    0.3339    0.2373   0.07777   0.07912    0.0221   0.01498
      6/54     10.7G    0.0501   0.01249  0.009454   0.07204         9       640    0.7054    0.3541    0.3613    0.1495   0.07341   0.02107    0.0146
      7/54     10.7G   0.04773   0.01259  0.009172   0.06949        39       640    0.5414    0.3571    0.2116   0.05285   0.07929   0.01949   0.01407
      8/54     10.7G   0.04676   0.01156  0.008047   0.06637        40       640    0.6341    0.4168    0.3568    0.1148   0.07151    0.0195   0.01325
      9/54     10.7G   0.04497   0.01081  0.007194   0.06297        16       640    0.7373    0.4395    0.4248    0.1955   0.06752   0.01991   0.01296
     10/54     10.7G   0.04251   0.01043  0.006873   0.05982         2       640    0.7719    0.4477    0.4459    0.2025   0.06905   0.01927   0.01205
     11/54     10.7G   0.04254   0.01015  0.005667   0.05836         3       640    0.8251     0.435    0.4839    0.2206   0.06402   0.01945   0.01179
     12/54     10.7G   0.04093   0.01027  0.005538   0.05674        24       640    0.7582    0.4271    0.4376    0.1973   0.06551   0.01972   0.01174
     13/54     10.7G   0.04413   0.01011  0.005539   0.05978        24       640    0.7669    0.4034    0.4671    0.2063   0.07275   0.01869   0.01145
     14/54     10.7G   0.04508  0.009782  0.005263   0.06012         8       640    0.8521    0.4588    0.5201    0.2294   0.06341   0.01962   0.01162
     15/54     10.7G   0.04054   0.00932   0.00453   0.05439         9       640    0.8648    0.4939    0.5315    0.2295   0.06137   0.01963   0.01131
     16/54     10.7G   0.03858  0.009495  0.004656   0.05273        23       640    0.8981    0.4668    0.5519    0.2909   0.05932   0.02044   0.01084
     17/54     10.7G   0.03727  0.008975  0.003881   0.05012        15       640    0.8355    0.5328    0.5656    0.3204   0.05636     0.021   0.01137
     18/54     10.7G   0.03608  0.009529  0.003886    0.0495         4       640    0.8714    0.5107    0.6066    0.3385   0.05434   0.02117   0.01125
     19/54     10.7G    0.0338  0.009097  0.003819   0.04671        82       640    0.8713    0.5167    0.5967    0.3482   0.05228   0.02069    0.0112
     20/54     10.7G   0.03421   0.01051  0.004208   0.04894        59       640    0.8615    0.5222    0.5737    0.3158     0.052   0.02162   0.01114
     21/54     10.7G   0.03253  0.009611  0.004246   0.04639        20       640    0.8815    0.5167    0.5949    0.3438   0.04882   0.02148   0.01032
     22/54     10.7G   0.03634  0.009491  0.003743   0.04958        14       640    0.8602    0.4947    0.6029    0.3547   0.05018   0.02156   0.01138
     23/54     10.7G   0.03395  0.009459  0.003709   0.04712        15       640    0.8654    0.5394    0.5769    0.3294   0.05088   0.02158   0.01026
     24/54     10.7G   0.03293  0.009529  0.003405   0.04586        17       640    0.8835    0.4966     0.562    0.3326   0.04706   0.02267   0.01036
     25/54     10.7G    0.0323  0.009418  0.003502   0.04522        15       640    0.9134    0.5121    0.6127    0.3557   0.04702    0.0222   0.01017
     26/54     10.7G   0.03145  0.009037  0.003026   0.04351         1       640    0.8788    0.5356    0.6083     0.363   0.04664    0.0216  0.009463
     27/54     10.7G   0.03129  0.009361  0.002938   0.04359        41       640    0.9004     0.525    0.6106    0.3635   0.04622   0.02101  0.009707
     28/54     10.7G   0.03118  0.009058  0.003485   0.04372         5       640    0.6822    0.6502    0.6551     0.391   0.04333   0.02234   0.00926
     29/54     10.7G   0.02975  0.008957  0.002843   0.04155        10       640    0.7207    0.6509    0.6704    0.4258   0.04289    0.0225  0.009165
     30/54     10.7G    0.0286  0.009223  0.003312   0.04114         2       640    0.7906    0.5885    0.6397    0.3833   0.04286   0.02186  0.009139
     31/54     10.7G   0.02859  0.008572  0.002957   0.04012         8       640    0.7385    0.6242    0.6346     0.407   0.04218   0.02218  0.009653
     32/54     10.7G   0.02793  0.008567  0.002786   0.03928        25       640    0.8428     0.584    0.6543    0.4025   0.04179   0.02211  0.009628
     33/54     10.7G   0.02645  0.009057  0.002447   0.03795         3       640    0.7513    0.6267    0.6842    0.4342   0.04203   0.02154  0.009229
     34/54     10.7G   0.02719  0.008976  0.002541   0.03871        10       640    0.8252    0.6145    0.6929    0.4363    0.0416   0.02163  0.008788
     35/54     10.7G   0.02583  0.008156  0.002367   0.03635        11       640    0.8482    0.6416    0.7034    0.4486   0.04131   0.02215  0.008914
     36/54     10.7G   0.02566  0.008459  0.002284    0.0364         7       640    0.7398    0.6598     0.689    0.4261   0.04055   0.02253  0.009086
     37/54     10.7G   0.02585  0.008953  0.002366   0.03717        24       640    0.8318    0.6523    0.7177    0.4547   0.03931   0.02268  0.008748
     38/54     10.7G    0.0256  0.008784  0.002154   0.03654         7       640     0.741    0.7333    0.7598    0.4915   0.03939    0.0227  0.008908
     39/54     10.7G   0.02497  0.008466  0.002371   0.03581         3       640    0.8196    0.7249    0.7727    0.4933   0.03881   0.02255  0.008681
     40/54     10.7G   0.02529  0.008403  0.002504    0.0362        13       640    0.7541    0.6771    0.7167    0.4484   0.03919   0.02307  0.009229
     41/54     10.7G   0.02455  0.008403  0.001918   0.03487        16       640    0.7362    0.7254    0.7593    0.4877   0.03908   0.02287  0.009016
     42/54     10.7G   0.02543    0.0085  0.002105   0.03603        11       640    0.7393    0.7104    0.7348     0.475   0.03803   0.02298  0.008853
     43/54     10.7G   0.02454  0.008211   0.00187   0.03462         7       640     0.745     0.718     0.755    0.4742    0.0382   0.02292  0.008396
     44/54     10.7G     0.024   0.00848  0.001972   0.03445        34       640    0.7391    0.7406    0.7559    0.4922   0.03747   0.02315  0.008512
     45/54     10.7G   0.02371  0.008414  0.001917   0.03404        12       640    0.7931    0.7412    0.7773    0.4887   0.03799   0.02339  0.008612
     46/54     10.7G    0.0235  0.007945  0.002024   0.03347        14       640     0.667    0.7689    0.7503    0.4822    0.0373   0.02329  0.008758
     47/54     10.7G   0.02317  0.008386  0.001833   0.03338        19       640    0.7233    0.7479    0.7517    0.4779   0.03752   0.02323  0.008655
     48/54     10.7G   0.02332  0.008016  0.001964    0.0333        30       640    0.7172    0.8171    0.7899    0.5144   0.03738   0.02301  0.008506
     49/54     10.7G   0.02321   0.00816  0.001702   0.03307        20       640    0.7387    0.7534    0.7773    0.5031   0.03702   0.02311  0.008513
     50/54     10.7G   0.02327  0.008084  0.001949    0.0333        10       640    0.8074    0.7417    0.7784    0.4975   0.03746   0.02339  0.008437
     51/54     10.7G    0.0226  0.007568  0.001623   0.03179         1       640    0.7938    0.7616    0.7704    0.5015   0.03689   0.02376  0.008676
     52/54     10.7G   0.02276  0.008115  0.001626    0.0325         7       640    0.7939    0.7278    0.7627    0.4915   0.03685   0.02323  0.008278
     53/54     10.7G   0.02321  0.008433  0.001701   0.03335        31       640     0.742    0.7604    0.7646     0.487   0.03683   0.02337  0.008484
     54/54     10.7G   0.02302  0.007352  0.002021   0.03239         6       640    0.7704    0.7699    0.7787    0.4974   0.03683   0.02354  0.008445
